0 0.500438 0.868008 0.764448 0.060709
0 0.500438 0.820259 0.764448 0.030696
0 0.500438 0.772510 0.764448 0.060709
0 0.500438 0.695430 0.764448 0.089359
0 0.500438 0.603683 0.764448 0.090041
0 0.500438 0.534106 0.764448 0.046385
0 0.450963 0.437585 0.488616 0.021146
0 0.544658 0.411323 0.676007 0.020464
0 0.529772 0.385061 0.705779 0.019782
0 0.335377 0.343452 0.257443 0.021146
0 0.544658 0.317190 0.676007 0.020464
0 0.529772 0.290928 0.705779 0.019782
0 0.254816 0.248977 0.096322 0.020464
0 0.544658 0.223056 0.676007 0.020464
0 0.529772 0.196453 0.705779 0.020464
0 0.460595 0.154843 0.507881 0.020464
0 0.544658 0.128581 0.676007 0.019782
0 0.529772 0.101978 0.705779 0.021146
0 0.000876 0.500000 0.001751 1.000000